1,2,3
2,3,5
3,4,7
4,5,9
5,6,11
6,7,13
7,8,15
8,9,17
9,10,19
10,11,21
11,12,23
12,13,25
13,14,27
1,2,3
2,3,5
3,4,7
4,5,9
5,6,11
6,7,13
7,8,15
8,9,17
9,10,19
10,11,21
11,12,23
12,13,25
13,14,27
value1,value2,result
1,2,3
2,3,5
3,4,7
4,5,9
5,6,11
6,7,13
7,8,15
8,9,17
9,10,19
10,11,21
11,12,23
12,13,25
13,14,27
1,2,3,2021-12-02 04:53:52.106369
2,3,5,2021-12-02 04:53:52.106369
3,4,7,2021-12-02 04:53:52.106369
4,5,9,2021-12-02 04:53:52.106369
5,6,11,2021-12-02 04:53:52.106369
6,7,13,2021-12-02 04:53:52.106369
7,8,15,2021-12-02 04:53:52.106369
8,9,17,2021-12-02 04:53:52.106369
9,10,19,2021-12-02 04:53:52.106369
10,11,21,2021-12-02 04:53:52.106369
11,12,23,2021-12-02 04:53:52.106369
12,13,25,2021-12-02 04:53:52.106369
13,14,27,2021-12-02 04:53:52.106369
